<svg width="160" height="25" viewBox="0 0 160 25" fill="none" xmlns="http://www.w3.org/2000/svg">
<g clip-path="url(#clip0_14030_14957)">
<path d="M36.2542 0.435547H12.0508V24.4355H36.2542V0.435547Z" fill="white"/>
<path d="M12.0502 0.435547H0V24.4355H12.0502V0.435547Z" fill="#ED1C24"/>
<path d="M32.9059 12.4356L32.6484 12.2817C32.2365 12.0766 32.288 11.7689 32.3909 11.5125C32.4424 11.3074 33.1119 8.94841 33.1119 8.94841C33.1119 8.94841 31.361 9.35866 30.949 9.40994C30.6401 9.46123 30.4856 9.30738 30.3826 9.10225C30.2796 8.89712 29.8676 7.8202 29.8676 7.8202C29.8676 7.8202 27.7048 10.2305 27.6533 10.2305C27.2413 10.5894 26.8293 10.333 26.9323 9.87148C26.9838 9.46123 28.0652 4.69199 28.0652 4.69199C28.0652 4.69199 26.9323 5.35866 26.5203 5.61507C26.1599 5.8202 25.9539 5.8202 25.7479 5.46123C25.5419 5.10225 24.1 2.28174 24.1 2.28174C24.1 2.28174 22.6581 5.10225 22.4521 5.46123C22.2461 5.8202 22.0401 5.87148 21.6796 5.61507C21.3192 5.40994 20.1348 4.69199 20.1348 4.69199C20.1348 4.69199 21.1647 9.46123 21.2677 9.87148C21.3192 10.333 20.9587 10.5894 20.4952 10.2305C20.4437 10.1792 18.2809 7.8202 18.2809 7.8202C18.2809 7.8202 17.8689 8.84584 17.7659 9.10225C17.6629 9.30738 17.5599 9.46123 17.1994 9.40994C16.7875 9.35866 14.9336 8.94841 14.9336 8.94841C14.9336 8.94841 15.706 11.3074 15.7575 11.5125C15.809 11.7176 15.8605 12.0766 15.5001 12.2817L15.2426 12.4356H32.9059Z" fill="#ED1C24"/>
<path d="M15.244 12.4355L14.832 12.6407C14.832 12.6407 18.9518 16.1791 19.0548 16.2817C19.2092 16.3843 19.4667 16.5381 19.2607 17.1022C19.0548 17.7176 18.7458 18.5381 18.7458 18.5381C18.7458 18.5381 22.5565 17.7689 22.9685 17.6663C23.3805 17.5638 23.7409 17.7176 23.7409 18.1279C23.7409 18.5381 23.5865 22.5894 23.5865 22.5894H24.6164C24.6164 22.5894 24.4619 18.5381 24.4619 18.1279C24.4619 17.7176 24.8224 17.5638 25.2344 17.6663C25.6463 17.7689 29.4571 18.5381 29.4571 18.5381C29.4571 18.5381 29.1481 17.7176 28.9421 17.1022C28.7361 16.4868 28.9936 16.3843 29.1481 16.2817C29.3026 16.1791 33.3708 12.6407 33.3708 12.6407L32.9588 12.4355H15.244Z" fill="#ED1C24"/>
<path d="M24.6157 22.5894C24.6157 22.5894 24.4612 18.5381 24.4612 18.1279C24.4612 17.7176 24.8217 17.5638 25.2336 17.6663C25.6456 17.7689 29.4564 18.5381 29.4564 18.5381C29.4564 18.5381 29.1474 17.7176 28.9414 17.1022C28.7354 16.4869 28.9929 16.3843 29.1474 16.2817C29.3019 16.1792 33.3701 12.6407 33.3701 12.6407L32.7006 12.333C32.2887 12.1279 32.3402 11.8202 32.4432 11.5638C32.4947 11.3586 33.1641 8.99968 33.1641 8.99968C33.1641 8.99968 31.4132 9.40993 31.0013 9.46121C30.6923 9.5125 30.5378 9.35865 30.4348 9.15352C30.3318 8.94839 29.9198 7.87147 29.9198 7.87147C29.9198 7.87147 27.757 10.2817 27.7055 10.2817C27.2935 10.6407 26.8815 10.3843 26.9845 9.92275C27.036 9.5125 28.1174 4.74326 28.1174 4.74326C28.1174 4.74326 26.9845 5.40993 26.5725 5.66634C26.2121 5.87147 26.0061 5.87147 25.8001 5.5125C25.5941 5.15352 24.1522 2.33301 24.1522 2.33301C24.1522 2.33301 22.7103 5.15352 22.5043 5.5125C22.2983 5.87147 22.0923 5.92275 21.7319 5.66634C21.3714 5.46121 20.187 4.74326 20.187 4.74326C20.187 4.74326 21.2169 9.5125 21.3199 9.92275C21.3714 10.3843 21.0109 10.6407 20.5474 10.2817C20.4959 10.2304 18.3331 7.87147 18.3331 7.87147C18.3331 7.87147 17.9211 8.89711 17.8181 9.15352C17.7151 9.35865 17.6121 9.5125 17.2517 9.46121C16.8397 9.40993 14.9858 8.99968 14.9858 8.99968C14.9858 8.99968 15.7583 11.3586 15.8098 11.5638C15.8612 11.7689 15.9127 12.1279 15.5523 12.333L14.8828 12.6407C14.8828 12.6407 19.0025 16.1792 19.1055 16.2817C19.26 16.3843 19.5175 16.5381 19.3115 17.1022C19.1055 17.7176 18.7966 18.5381 18.7966 18.5381C18.7966 18.5381 22.6073 17.7689 23.0193 17.6663C23.4313 17.5638 23.7917 17.7176 23.7917 18.1279C23.7917 18.5381 23.6372 22.5894 23.6372 22.5894H24.6157Z" fill="#ED1C24"/>
<path d="M48.2026 0.435547H36.1523V24.4355H48.2026V0.435547Z" fill="#ED1C24"/>
<path d="M60.1992 0.794434H61.4351L66.0183 7.87136V0.794434H67.0998V9.51238H65.9153L61.3321 2.53802V9.51238H60.2507V0.794434H60.1992Z" fill="black"/>
<path d="M74.4651 9.51231C74.2591 9.61487 74.0531 9.66615 73.7441 9.66615C73.2292 9.66615 72.8687 9.35846 72.8687 8.69179C72.3022 9.35846 71.5298 9.66615 70.6543 9.66615C69.5214 9.66615 68.543 9.15333 68.543 7.92256C68.543 6.48667 69.6244 6.17897 70.7058 5.97385C71.8388 5.76872 72.8172 5.82 72.8172 5.05077C72.8172 4.12769 72.0962 4.02513 71.4268 4.02513C70.5513 4.02513 69.8819 4.28154 69.8304 5.20461H68.8005C68.8519 3.66615 70.0879 3.10205 71.4783 3.10205C72.6112 3.10205 73.8471 3.35846 73.8471 4.84564V8.07641C73.8471 8.58923 73.8471 8.79436 74.1561 8.79436C74.2591 8.79436 74.3621 8.79436 74.4651 8.74308V9.51231ZM72.8172 6.28154C72.4052 6.58923 71.6328 6.58923 70.9118 6.69179C70.2424 6.79436 69.6244 7.05077 69.6244 7.82C69.6244 8.48667 70.1909 8.74308 70.8603 8.74308C72.2507 8.74308 72.8172 7.87128 72.8172 7.30718V6.28154Z" fill="black"/>
<path d="M76.8848 3.20481H78.1207V4.12789H76.8848V8.02532C76.8848 8.48686 77.0393 8.58942 77.6573 8.58942H78.1207V9.5125H77.3483C76.2668 9.5125 75.8549 9.30737 75.8549 8.12789V4.12789H74.7734V3.20481H75.8549V1.30737H76.8848V3.20481Z" fill="black"/>
<path d="M84.5566 9.51228H83.5782V8.53792C83.1147 9.30715 82.4453 9.66613 81.5183 9.66613C79.8704 9.66613 79.3555 8.69177 79.3555 7.35844V3.20459H80.3854V7.461C80.3854 8.23023 80.8489 8.74305 81.6728 8.74305C82.9087 8.74305 83.5267 7.92254 83.5267 6.74305V3.20459H84.5566V9.51228Z" fill="black"/>
<path d="M86.1016 3.20463H87.08V4.53796C87.595 3.51232 88.2644 3.05078 89.3974 3.05078V4.1277C87.698 4.1277 87.1315 5.10206 87.1315 6.69181V9.51232H86.1016V3.20463Z" fill="black"/>
<path d="M95.7861 9.51231C95.5801 9.61487 95.3741 9.66615 95.0137 9.66615C94.4987 9.66615 94.1382 9.35846 94.1382 8.69179C93.5718 9.35846 92.7993 9.66615 91.9239 9.66615C90.7909 9.66615 89.8125 9.15333 89.8125 7.92256C89.8125 6.48667 90.8939 6.17897 91.9754 5.97385C93.1083 5.76872 94.0867 5.82 94.0867 5.05077C94.0867 4.12769 93.3143 4.02513 92.6963 4.02513C91.8209 4.02513 91.1514 4.28154 91.0999 5.20461H90.07C90.1215 3.66615 91.3574 3.10205 92.7478 3.10205C93.8807 3.10205 95.1167 3.35846 95.1167 4.84564V8.07641C95.1167 8.58923 95.1167 8.79436 95.4256 8.79436C95.5286 8.79436 95.6316 8.79436 95.7346 8.74308L95.7861 9.51231ZM94.1382 6.28154C93.7262 6.58923 92.9538 6.58923 92.2328 6.69179C91.5634 6.79436 90.9454 7.05077 90.9454 7.82C90.9454 8.48667 91.5119 8.74308 92.1813 8.74308C93.5718 8.74308 94.1382 7.87128 94.1382 7.30718V6.28154Z" fill="black"/>
<path d="M96.8125 0.794434H97.8424V9.51238H96.8125V0.794434Z" fill="black"/>
<path d="M103.047 0.794434H107.167C108.814 0.794434 109.844 1.66623 109.844 3.05084C109.844 4.07649 109.381 4.94828 108.351 5.25597C109.381 5.4611 109.587 6.17905 109.638 7.05084C109.69 7.92264 109.638 8.84572 110.153 9.4611H108.866C108.557 9.10213 108.712 8.17905 108.557 7.30725C108.454 6.43546 108.248 5.71751 107.115 5.71751H104.283V9.4611H103.098L103.047 0.794434ZM106.652 4.84572C107.733 4.84572 108.66 4.58931 108.66 3.30725C108.66 2.43546 108.197 1.82007 107.115 1.82007H104.231V4.84572H106.652Z" fill="black"/>
<path d="M116.693 7.51232C116.436 8.89693 115.406 9.66617 113.964 9.66617C111.956 9.66617 110.977 8.28155 110.926 6.33283C110.926 4.4354 112.162 3.05078 113.913 3.05078C116.178 3.05078 116.848 5.15335 116.796 6.64052H112.059C112.007 7.71745 112.625 8.69181 114.016 8.69181C114.891 8.69181 115.457 8.28155 115.663 7.46104L116.693 7.51232ZM115.663 5.76873C115.612 4.79437 114.891 3.97386 113.861 3.97386C112.78 3.97386 112.11 4.79437 112.059 5.76873H115.663Z" fill="black"/>
<path d="M118.495 7.51232C118.546 8.4354 119.319 8.74309 120.194 8.74309C120.864 8.74309 121.739 8.58924 121.739 7.82001C121.739 6.9995 120.709 6.89694 119.679 6.64052C118.649 6.38411 117.619 6.07642 117.619 4.84565C117.619 3.5636 118.907 3.05078 119.988 3.05078C121.379 3.05078 122.512 3.51232 122.563 5.05078H121.533C121.482 4.23027 120.761 3.97386 120.04 3.97386C119.422 3.97386 118.701 4.1277 118.701 4.79437C118.701 5.51232 119.782 5.66617 120.761 5.87129C121.791 6.1277 122.82 6.4354 122.82 7.66617C122.82 9.15335 121.43 9.66617 120.143 9.66617C118.701 9.66617 117.516 9.10206 117.465 7.51232H118.495Z" fill="black"/>
<path d="M126.684 3.05078C128.692 3.05078 129.773 4.48668 129.773 6.33283C129.773 8.17899 128.692 9.61488 126.684 9.61488C124.675 9.61488 123.594 8.17899 123.594 6.33283C123.645 4.53796 124.675 3.05078 126.684 3.05078ZM126.684 8.74309C127.765 8.74309 128.64 7.87129 128.64 6.38411C128.64 4.84565 127.765 3.97386 126.684 3.97386C125.602 3.97386 124.727 4.84565 124.727 6.38411C124.727 7.87129 125.602 8.74309 126.684 8.74309Z" fill="black"/>
<path d="M136.26 9.51228H135.281V8.53792C134.818 9.30715 134.148 9.66613 133.221 9.66613C131.574 9.66613 131.059 8.69177 131.059 7.35844V3.20459H132.089V7.461C132.089 8.23023 132.552 8.74305 133.376 8.74305C134.612 8.74305 135.23 7.92254 135.23 6.74305V3.20459H136.26V9.51228Z" fill="black"/>
<path d="M137.754 3.20463H138.732V4.53796C139.247 3.51232 139.917 3.05078 141.05 3.05078V4.1277C139.35 4.1277 138.784 5.10206 138.784 6.69181V9.51232H137.754V3.20463Z" fill="black"/>
<path d="M146.2 5.2559C146.046 4.48667 145.479 4.02513 144.655 4.02513C143.162 4.02513 142.699 5.20462 142.699 6.48667C142.699 7.66615 143.214 8.79436 144.553 8.79436C145.531 8.79436 146.149 8.23026 146.303 7.2559H147.385C147.179 8.79436 146.2 9.71744 144.604 9.71744C142.647 9.71744 141.617 8.3841 141.617 6.48667C141.617 4.58923 142.596 3.10205 144.604 3.10205C146.046 3.10205 147.179 3.76872 147.333 5.2559C147.23 5.2559 146.2 5.2559 146.2 5.2559Z" fill="black"/>
<path d="M153.873 7.51232C153.564 8.89693 152.586 9.66617 151.144 9.66617C149.135 9.66617 148.157 8.28155 148.105 6.33283C148.105 4.4354 149.341 3.05078 151.092 3.05078C153.358 3.05078 154.028 5.15335 153.976 6.64052H149.238C149.187 7.71745 149.805 8.69181 151.195 8.69181C152.071 8.69181 152.637 8.28155 152.843 7.46104L153.873 7.51232ZM152.843 5.76873C152.792 4.79437 152.071 3.97386 151.041 3.97386C149.959 3.97386 149.29 4.79437 149.238 5.76873H152.843Z" fill="black"/>
<path d="M155.674 7.51232C155.726 8.4354 156.498 8.74309 157.374 8.74309C158.043 8.74309 158.919 8.58924 158.919 7.82001C158.919 6.9995 157.889 6.89694 156.859 6.64052C155.829 6.38411 154.799 6.07642 154.799 4.84565C154.799 3.5636 156.035 3.05078 157.168 3.05078C158.558 3.05078 159.691 3.51232 159.743 5.05078H158.713C158.661 4.23027 157.94 3.97386 157.219 3.97386C156.601 3.97386 155.88 4.1277 155.88 4.79437C155.88 5.51232 156.962 5.66617 157.94 5.87129C158.97 6.1277 160 6.4354 160 7.66617C160 9.15335 158.61 9.66617 157.322 9.66617C155.88 9.66617 154.696 9.10206 154.645 7.51232H155.674Z" fill="black"/>
<path d="M66.3799 18.1791C66.1224 16.9484 65.144 16.333 63.9081 16.333C61.8482 16.333 60.9213 18.0253 60.9213 19.8715C60.9213 21.8715 61.7967 23.5125 63.9081 23.5125C65.453 23.5125 66.3284 22.4356 66.4314 20.9997H67.6158C67.4098 23.1535 66.0194 24.4868 63.8566 24.4868C61.1273 24.4868 59.8398 22.4868 59.8398 19.974C59.8398 17.4612 61.2817 15.4099 63.9596 15.4099C65.762 15.4099 67.3069 16.3843 67.5643 18.2304L66.3799 18.1791Z" fill="black"/>
<path d="M74.4651 24.2303C74.2591 24.3329 74.0531 24.3842 73.7441 24.3842C73.2292 24.3842 72.8687 24.0765 72.8687 23.4098C72.3022 24.0765 71.5298 24.3842 70.6543 24.3842C69.5214 24.3842 68.543 23.8714 68.543 22.5893C68.543 21.1534 69.6244 20.8457 70.7058 20.6406C71.8388 20.4355 72.8172 20.4867 72.8172 19.7175C72.8172 18.7944 72.0962 18.6919 71.4268 18.6919C70.5513 18.6919 69.8819 18.9483 69.8304 19.8714H68.8005C68.8519 18.3329 70.0879 17.7688 71.4783 17.7688C72.6112 17.7688 73.8471 18.0252 73.8471 19.5124V22.7432C73.8471 23.2047 73.8471 23.4611 74.1561 23.4611C74.2591 23.4611 74.3621 23.4611 74.4651 23.4098V24.2303ZM72.8172 20.9996C72.4052 21.3073 71.6328 21.3073 70.9118 21.4098C70.2424 21.5124 69.6244 21.7688 69.6244 22.538C69.6244 23.2047 70.1909 23.4611 70.8603 23.4611C72.2507 23.4611 72.8172 22.5893 72.8172 22.0252V20.9996Z" fill="black"/>
<path d="M75.4414 17.9226H76.4198V18.897C76.8833 18.1278 77.5528 17.7688 78.4797 17.7688C80.1276 17.7688 80.6426 18.7432 80.6426 20.0765V24.2303H79.6126V19.9739C79.6126 19.2047 79.0977 18.6919 78.3252 18.6919C77.0893 18.6919 76.4713 19.5124 76.4713 20.6406V24.1791H75.4414V17.9226Z" fill="black"/>
<path d="M87.8557 24.2303C87.6497 24.3329 87.4437 24.3842 87.1347 24.3842C86.6198 24.3842 86.2593 24.0765 86.2593 23.4098C85.6928 24.0765 84.9204 24.3842 84.045 24.3842C82.912 24.3842 81.9336 23.8714 81.9336 22.5893C81.9336 21.1534 83.015 20.8457 84.0965 20.6406C85.2294 20.4355 86.2078 20.4867 86.2078 19.7175C86.2078 18.7944 85.4354 18.6919 84.8174 18.6919C83.942 18.6919 83.2725 18.9483 83.221 19.8714H82.1911C82.2426 18.3329 83.4785 17.7688 84.8689 17.7688C86.0018 17.7688 87.2377 18.0252 87.2377 19.5124V22.7432C87.2377 23.2047 87.2377 23.4611 87.5467 23.4611C87.6497 23.4611 87.7527 23.4611 87.8557 23.4098V24.2303ZM86.1563 20.9996C85.7443 21.3073 84.9719 21.3073 84.2509 21.4098C83.5815 21.5124 82.9635 21.7688 82.9635 22.538C82.9635 23.2047 83.53 23.4611 84.1994 23.4611C85.5899 23.4611 86.1563 22.5893 86.1563 22.0252V20.9996Z" fill="black"/>
<path d="M94.497 24.2304H93.4671V23.3586C93.1066 24.0766 92.3342 24.3842 91.4588 24.3842C89.5019 24.3842 88.5234 22.8458 88.5234 21.0509C88.5234 19.256 89.5019 17.7689 91.4073 17.7689C92.0767 17.7689 93.0036 18.0253 93.4671 18.7432V15.5125H94.497C94.497 15.5637 94.497 24.2304 94.497 24.2304ZM91.5617 23.4612C92.9522 23.4612 93.5186 22.2817 93.5186 21.1022C93.5186 19.8714 92.9521 18.6919 91.5102 18.6919C90.0683 18.6919 89.6049 19.9227 89.6049 21.1535C89.6049 22.333 90.2228 23.4612 91.5617 23.4612Z" fill="black"/>
<path d="M101.708 24.2303C101.502 24.3329 101.296 24.3842 100.936 24.3842C100.421 24.3842 100.06 24.0765 100.06 23.4098C99.4936 24.0765 98.7212 24.3842 97.8457 24.3842C96.7128 24.3842 95.7344 23.8714 95.7344 22.5893C95.7344 21.1534 96.8158 20.8457 97.8972 20.6406C99.0302 20.4355 100.009 20.4867 100.009 19.7175C100.009 18.7944 99.2876 18.6919 98.6182 18.6919C97.7427 18.6919 97.0733 18.9483 97.0218 19.8714H95.9919C96.0434 18.3329 97.2793 17.7688 98.6697 17.7688C99.8026 17.7688 101.039 18.0252 101.039 19.5124V22.7432C101.039 23.2047 101.039 23.4611 101.348 23.4611C101.451 23.4611 101.553 23.4611 101.656 23.4098V24.2303C101.708 24.2303 101.708 24.2303 101.708 24.2303ZM100.009 20.9996C99.5966 21.3073 98.8242 21.3073 98.1032 21.4098C97.4338 21.5124 96.8158 21.7688 96.8158 22.538C96.8158 23.2047 97.3823 23.4611 98.0517 23.4611C99.4421 23.4611 100.009 22.5893 100.009 22.0252V20.9996Z" fill="black"/>
</g>
<defs>
<clipPath id="clip0_14030_14957">
<rect width="160" height="24" fill="white" transform="translate(0 0.435547)"/>
</clipPath>
</defs>
</svg>
